n,x,y,k
1,0.110,0.480,1
2,0.106,0.369,1
3,0.029,0.273,1
4,0.215,0.368,1
5,0.145,0.437,1
6,0.154,0.461,1
7,0.068,0.426,1
8,0.148,0.608,1
9,0.149,0.290,1
10,0.177,0.424,1
11,0.086,0.398,1
12,0.090,0.357,1
13,0.131,0.482,1
14,0.000,0.420,1
15,0.178,0.426,1
16,0.118,0.380,1
17,0.152,0.551,1
18,0.176,0.468,1
19,0.162,0.459,1
20,0.059,0.386,1
21,0.129,0.590,1
22,0.074,0.376,1
23,0.121,0.496,1
24,0.008,0.277,1
25,0.126,0.449,1
26,0.114,0.332,1
27,0.203,0.507,1
28,0.142,0.346,1
29,0.059,0.389,1
30,0.165,0.463,1
31,0.196,0.553,1
32,0.147,0.393,1
33,0.080,0.343,1
34,0.153,0.459,1
35,0.157,0.439,1
36,0.151,0.488,1
37,0.162,0.424,1
38,0.162,0.489,1
39,0.159,0.331,1
40,0.121,0.524,1
41,0.102,0.448,1
42,0.188,0.273,1
43,0.092,0.505,1
44,0.185,0.374,1
45,0.153,0.349,1
46,0.173,0.313,1
47,0.029,0.396,1
48,0.143,0.336,1
49,0.132,0.356,1
50,0.084,0.385,1
51,0.150,0.426,1
52,0.088,0.476,1
53,0.131,0.310,1
54,0.128,0.400,1
55,0.118,0.333,1
56,0.107,0.409,1
57,0.142,0.428,1
58,0.041,0.371,1
59,0.087,0.516,1
60,0.170,0.365,1
61,0.158,0.285,1
62,0.150,0.396,1
63,0.213,0.452,1
64,0.136,0.437,1
65,0.165,0.366,1
66,0.068,0.455,1
67,0.099,0.448,1
68,0.000,0.354,1
69,0.107,0.525,1
70,0.206,0.531,1
71,0.100,0.569,1
72,0.028,0.354,1
73,0.131,0.422,1
74,0.123,0.425,1
75,0.238,0.676,1
76,0.140,0.439,1
77,0.121,0.356,1
78,0.086,0.387,1
79,0.115,0.401,1
80,0.158,0.594,1
81,0.150,0.454,1
82,0.055,0.332,1
83,0.115,0.481,1
84,0.077,0.340,1
85,0.162,0.298,1
86,0.067,0.300,1
87,0.097,0.487,1
88,0.122,0.324,1
89,0.127,0.384,1
90,0.063,0.392,1
91,0.121,0.427,1
92,0.032,0.447,1
93,0.091,0.319,1
94,0.148,0.449,1
95,0.119,0.401,1
96,0.071,0.345,1
97,0.127,0.465,1
98,0.172,0.434,1
99,0.187,0.499,1
100,0.042,0.472,1
101,0.204,0.605,2
102,0.219,0.525,2
103,0.201,0.516,2
104,0.239,0.578,2
105,0.208,0.586,2
106,0.227,0.506,2
107,0.165,0.601,2
108,0.084,0.551,2
109,0.261,0.522,2
110,0.218,0.584,2
111,0.078,0.482,2
112,0.223,0.556,2
113,0.192,0.535,2
114,0.252,0.506,2
115,0.205,0.591,2
116,0.206,0.516,2
117,0.179,0.611,2
118,0.126,0.512,2
119,0.255,0.623,2
120,0.154,0.630,2
121,0.094,0.510,2
122,0.066,0.536,2
123,0.148,0.516,2
124,0.313,0.586,2
125,0.225,0.523,2
126,0.164,0.433,2
127,0.303,0.633,2
128,0.193,0.677,2
129,0.251,0.620,2
130,0.129,0.539,2
131,0.222,0.551,2
132,0.274,0.712,2
133,0.349,0.604,2
134,0.300,0.603,2
135,0.236,0.569,2
136,0.179,0.550,2
137,0.230,0.579,2
138,0.216,0.508,2
139,0.230,0.518,2
140,0.134,0.553,2
141,0.281,0.646,3
142,0.313,0.621,3
143,0.366,0.590,3
144,0.444,0.644,3
145,0.336,0.614,3
146,0.397,0.558,3
147,0.448,0.643,3
148,0.342,0.658,3
149,0.381,0.675,3
150,0.304,0.595,3
151,0.339,0.620,3
152,0.336,0.618,3
153,0.453,0.653,3
154,0.226,0.610,3
155,0.388,0.596,3
156,0.365,0.635,3
157,0.337,0.617,3
158,0.251,0.606,3
159,0.471,0.631,3
160,0.369,0.584,3
161,0.360,0.577,3
162,0.473,0.611,3
163,0.421,0.653,3
164,0.466,0.687,3
165,0.437,0.570,3
166,0.349,0.651,3
167,0.409,0.624,3
168,0.403,0.685,3
169,0.501,0.588,3
170,0.383,0.646,3
171,0.428,0.662,3
172,0.376,0.584,3
173,0.340,0.680,3
174,0.348,0.580,3
175,0.472,0.649,3
176,0.460,0.587,3
177,0.340,0.590,3
178,0.452,0.660,3
179,0.304,0.635,3
180,0.543,0.597,3
181,0.309,0.607,3
182,0.404,0.616,3
183,0.313,0.670,3
184,0.520,0.714,3
185,0.478,0.637,3
186,0.456,0.734,3
187,0.409,0.643,3
188,0.499,0.622,3
189,0.456,0.640,3
190,0.469,0.611,3
191,0.419,0.655,3
192,0.263,0.613,3
193,0.412,0.680,3
194,0.274,0.668,3
195,0.369,0.568,3
196,0.360,0.541,3
197,0.310,0.652,3
198,0.395,0.624,3
199,0.312,0.612,3
200,0.290,0.649,3
201,0.469,0.656,3
202,0.433,0.585,3
203,0.336,0.586,3
204,0.319,0.622,3
205,0.275,0.650,3
206,0.363,0.617,3
207,0.546,0.598,3
208,0.363,0.584,3
209,0.333,0.592,3
210,0.407,0.617,3
211,0.447,0.589,3
212,0.427,0.664,3
213,0.368,0.654,3
214,0.233,0.630,3
215,0.429,0.727,3
216,0.432,0.680,3
217,0.441,0.624,3
218,0.580,0.644,3
219,0.406,0.613,3
220,0.545,0.633,3
221,0.336,0.621,3
222,0.375,0.630,3
223,0.329,0.644,3
224,0.382,0.592,3
225,0.412,0.626,3
226,0.420,0.657,3
227,0.657,0.665,3
228,0.369,0.664,3
229,0.252,0.595,3
230,0.215,0.720,3
231,0.470,0.614,4
232,0.537,0.512,4
233,0.342,0.649,4
234,0.636,0.482,4
235,0.622,0.566,4
236,0.635,0.562,4
237,0.570,0.581,4
238,0.511,0.534,4
239,0.684,0.538,4
240,0.519,0.518,4
241,0.608,0.476,4
242,0.488,0.588,4
243,0.653,0.485,4
244,0.660,0.609,4
245,0.535,0.598,4
246,0.553,0.516,4
247,0.631,0.550,4
248,0.489,0.540,4
249,0.541,0.590,4
250,0.594,0.565,4
251,0.415,0.594,4
252,0.550,0.671,4
253,0.620,0.544,4
254,0.314,0.596,4
255,0.475,0.598,4
256,0.537,0.595,4
257,0.531,0.622,4
258,0.548,0.465,4
259,0.585,0.589,4
260,0.526,0.572,4
261,0.340,0.648,4
262,0.657,0.505,4
263,0.516,0.591,4
264,0.444,0.562,4
265,0.466,0.615,4
266,0.393,0.690,4
267,0.551,0.524,4
268,0.464,0.600,4
269,0.742,0.422,4
270,0.494,0.497,4
271,0.516,0.519,4
272,0.528,0.530,4
273,0.546,0.596,4
274,0.545,0.487,4
275,0.485,0.637,4
276,0.506,0.546,4
277,0.498,0.500,4
278,0.516,0.545,4
279,0.450,0.581,4
280,0.625,0.515,4
281,0.590,0.475,4
282,0.533,0.527,4
283,0.614,0.461,4
284,0.653,0.555,4
285,0.391,0.573,4
286,0.505,0.601,4
287,0.440,0.604,4
288,0.547,0.604,4
289,0.407,0.762,4
290,0.552,0.576,4
291,0.664,0.219,5
292,0.750,0.387,5
293,0.663,0.260,5
294,0.743,0.369,5
295,0.606,0.480,5
296,0.644,0.329,5
297,0.709,0.334,5
298,0.636,0.424,5
299,0.709,0.251,5
300,0.647,0.291,5
301,0.639,0.335,5
302,0.734,0.372,5
303,0.653,0.407,5
304,0.683,0.410,5
305,0.692,0.426,5
306,0.613,0.407,5
307,0.638,0.396,5
308,0.624,0.451,5
309,0.637,0.275,5
310,0.640,0.418,5
311,0.695,0.396,5
312,0.663,0.488,5
313,0.678,0.362,5
314,0.624,0.454,5
315,0.644,0.547,5
316,0.599,0.370,5
317,0.637,0.457,5
318,0.644,0.332,5
319,0.625,0.344,5
320,0.661,0.294,5
321,0.595,0.396,5
322,0.679,0.396,5
323,0.631,0.426,5
324,0.624,0.324,5
325,0.648,0.301,5
326,0.691,0.348,5
327,0.632,0.438,5
328,0.684,0.395,5
329,0.651,0.434,5
330,0.642,0.275,5
331,0.620,0.476,5
332,0.689,0.479,5
333,0.729,0.322,5
334,0.585,0.364,5
335,0.595,0.417,5
336,0.669,0.238,5
337,0.646,0.273,5
338,0.615,0.360,5
339,0.678,0.428,5
340,0.703,0.405,5
341,0.678,0.312,5
342,0.613,0.271,5
343,0.651,0.272,5
344,0.644,0.425,5
345,0.632,0.379,5
346,0.614,0.464,5
347,0.637,0.479,5
348,0.688,0.364,5
349,0.664,0.334,5
350,0.620,0.311,5
351,0.778,0.209,5
352,0.662,0.405,5
353,0.656,0.357,5
354,0.687,0.362,5
355,0.618,0.395,5
356,0.657,0.394,5
357,0.645,0.372,5
358,0.688,0.398,5
359,0.705,0.311,5
360,0.685,0.342,5
361,0.735,0.318,5
362,0.605,0.351,5
363,0.550,0.400,5
364,0.748,0.267,5
365,0.697,0.265,5
366,0.694,0.356,5
367,0.592,0.415,5
368,0.652,0.347,5
369,0.689,0.357,5
370,0.772,0.344,5
371,0.593,0.383,5
372,0.637,0.371,5
373,0.640,0.367,5
374,0.671,0.424,5
375,0.632,0.382,5
376,0.683,0.392,5
377,0.696,0.265,5
378,0.701,0.530,5
379,0.662,0.523,5
380,0.742,0.268,5
381,0.656,0.284,5
382,0.566,0.547,5
383,0.636,0.317,5
384,0.663,0.345,5
385,0.606,0.439,5
386,0.671,0.453,5
387,0.580,0.521,5
388,0.629,0.359,5
389,0.590,0.446,5
390,0.687,0.340,5
391,0.480,0.219,6
392,0.418,0.291,6
393,0.336,0.397,6
394,0.433,0.377,6
395,0.345,0.306,6
396,0.408,0.260,6
397,0.495,0.221,6
398,0.402,0.298,6
399,0.404,0.253,6
400,0.416,0.402,6
401,0.422,0.323,6
402,0.466,0.489,6
403,0.327,0.395,6
404,0.449,0.326,6
405,0.261,0.300,6
406,0.447,0.295,6
407,0.422,0.273,6
408,0.362,0.311,6
409,0.458,0.241,6
410,0.371,0.360,6
411,0.370,0.396,6
412,0.393,0.296,6
413,0.390,0.368,6
414,0.334,0.431,6
415,0.363,0.282,6
416,0.368,0.269,6
417,0.327,0.402,6
418,0.419,0.376,6
419,0.455,0.292,6
420,0.395,0.390,6
421,0.373,0.382,6
422,0.488,0.338,6
423,0.288,0.451,6
424,0.391,0.373,6
425,0.309,0.403,6
426,0.405,0.288,6
427,0.360,0.430,6
428,0.311,0.384,6
429,0.361,0.443,6
430,0.376,0.397,6
431,0.361,0.385,6
432,0.479,0.263,6
433,0.483,0.251,6
434,0.345,0.345,6
435,0.440,0.198,6
436,0.417,0.197,6
437,0.421,0.232,6
438,0.323,0.295,6
439,0.336,0.331,6
440,0.404,0.220,6
441,0.448,0.215,7
442,0.578,0.153,7
443,0.535,0.171,7
444,0.467,0.203,7
445,0.507,0.089,7
446,0.520,0.084,7
447,0.497,0.143,7
448,0.540,0.224,7
449,0.457,0.187,7
450,0.588,0.078,7
451,0.496,0.212,7
452,0.636,0.069,7
453,0.439,0.170,7
454,0.533,0.173,7
455,0.492,0.214,7
456,0.562,0.076,7
457,0.479,0.277,7
458,0.492,0.131,7
459,0.545,0.132,7
460,0.489,0.199,7
461,0.483,0.111,7
462,0.564,0.032,7
463,0.425,0.166,7
464,0.488,0.212,7
465,0.550,0.095,7
466,0.547,0.056,7
467,0.392,0.260,7
468,0.474,0.118,7
469,0.490,0.205,7
470,0.445,0.133,7
471,0.510,0.246,7
472,0.554,0.126,7
473,0.505,0.112,7
474,0.537,0.227,7
475,0.547,0.130,7
476,0.566,0.119,7
477,0.556,0.178,7
478,0.550,0.169,7
479,0.548,0.128,7
480,0.590,0.120,7
481,0.555,0.109,8
482,0.613,0.104,8
483,0.810,0.125,8
484,0.627,0.091,8
485,0.783,0.082,8
486,0.748,0.085,8
487,0.694,0.054,8
488,0.721,0.027,8
489,0.806,0.049,8
490,0.655,0.088,8
491,0.685,0.122,8
492,0.680,0.074,8
493,0.733,0.152,8
494,0.789,0.146,8
495,0.799,0.054,8
496,0.783,0.126,8
497,0.653,0.151,8
498,0.639,0.096,8
499,0.659,0.084,8
500,0.794,0.086,8
501,0.662,0.110,8
502,0.788,0.125,8
503,0.582,0.125,8
504,0.730,0.148,8
505,0.605,0.156,8
506,0.715,0.067,8
507,0.647,0.117,8
508,0.675,0.069,8
509,0.731,0.136,8
510,0.758,0.051,8
511,0.633,0.121,8
512,0.719,0.090,8
513,0.672,0.103,8
514,0.713,0.076,8
515,0.667,0.134,8
516,0.662,0.080,8
517,0.764,0.081,8
518,0.669,0.106,8
519,0.750,0.074,8
520,0.741,0.108,8
521,0.608,0.080,8
522,0.692,0.100,8
523,0.776,0.064,8
524,0.711,0.038,8
525,0.676,0.107,8
526,0.733,0.076,8
527,0.675,0.081,8
528,0.699,0.157,8
529,0.660,0.042,8
530,0.608,0.093,8
531,0.667,0.047,8
532,0.740,0.058,8
533,0.622,0.026,8
534,0.546,0.133,8
535,0.651,0.095,8
536,0.752,0.063,8
537,0.718,0.075,8
538,0.561,0.110,8
539,0.681,0.146,8
540,0.685,0.092,8
541,0.745,0.117,9
542,0.832,0.199,9
543,0.789,0.096,9
544,0.820,0.197,9
545,1.000,0.289,9
546,0.845,0.140,9
547,0.836,0.159,9
548,0.865,0.147,9
549,0.887,0.212,9
550,0.851,0.171,9
551,0.697,0.095,9
552,0.784,0.136,9
553,0.862,0.194,9
554,0.838,0.175,9
555,0.779,0.112,9
556,0.731,0.185,9
557,0.699,0.035,9
558,0.732,0.031,9
559,0.865,0.118,9
560,0.761,0.078,9
561,0.729,0.137,9
562,0.709,0.024,9
563,0.873,0.227,9
564,0.935,0.210,9
565,0.756,0.111,9
566,0.785,0.217,9
567,0.795,0.056,9
568,0.853,0.165,9
569,0.808,0.088,9
570,0.701,0.133,9
571,0.901,0.242,9
572,0.816,0.219,9
573,0.848,0.120,9
574,0.731,0.149,9
575,0.827,0.130,9
576,0.783,0.134,9
577,0.818,0.232,9
578,0.859,0.115,9
579,0.926,0.269,9
580,0.725,0.164,9
581,0.708,0.077,9
582,0.734,0.065,9
583,0.760,0.083,9
584,0.953,0.257,9
585,0.808,0.140,9
586,0.773,0.132,9
587,0.717,0.107,9
588,0.828,0.075,9
589,0.826,0.143,9
590,0.909,0.210,9
591,0.834,0.115,9
592,0.778,0.165,9
593,0.861,0.189,9
594,0.807,0.190,9
595,0.732,0.079,9
596,0.881,0.228,9
597,0.803,0.159,9
598,0.900,0.184,9
599,0.694,0.140,9
600,0.821,0.242,9
601,0.803,0.108,9
602,0.789,0.089,9
603,0.936,0.291,9
604,0.839,0.217,9
605,0.746,0.043,9
606,0.789,0.158,9
607,0.735,0.063,9
608,0.791,0.064,9
609,0.827,0.145,9
610,0.777,0.116,9
611,0.750,0.136,9
612,0.835,0.099,9
613,0.862,0.118,9
614,0.797,0.046,9
615,0.790,0.100,9
616,0.858,0.133,9
617,0.735,0.086,9
618,0.763,0.062,9
619,0.807,0.129,9
620,0.831,0.147,9
621,0.812,0.165,9
622,0.874,0.181,9
623,0.833,0.117,9
624,0.792,0.231,9
625,0.879,0.231,9
626,0.641,0.151,9
627,0.864,0.144,9
628,0.871,0.216,9
629,0.810,0.121,9
630,0.722,0.001,9
631,0.811,0.128,9
632,0.890,0.212,9
633,0.789,0.151,9
634,0.747,0.122,9
635,0.759,0.093,9
636,0.747,0.184,9
637,0.798,0.065,9
638,0.916,0.279,9
639,0.828,0.218,9
640,0.793,0.158,9
641,0.824,0.135,9
642,0.862,0.187,9
643,0.837,0.123,9
644,0.720,0.115,9
645,0.804,0.058,9
646,0.771,0.043,9
647,0.739,0.046,9
648,0.907,0.219,9
649,0.849,0.118,9
650,0.763,0.092,9
651,0.856,0.217,9
652,0.828,0.099,9
653,0.793,0.154,9
654,0.690,0.107,9
655,0.901,0.229,9
656,0.751,0.119,9
657,0.742,0.083,9
658,0.829,0.132,9
659,0.793,0.133,9
660,0.815,0.160,9
661,0.869,0.218,9
662,0.848,0.194,9
663,0.945,0.212,9
664,0.785,0.106,9
665,0.740,0.142,9
666,0.779,0.214,9
667,0.805,0.149,9
668,0.849,0.211,9
669,0.795,0.183,9
670,0.744,0.114,9
671,0.930,0.245,9
672,0.844,0.177,9
673,0.751,0.073,9
674,0.820,0.145,9
675,0.932,0.196,9
676,0.811,0.076,9
677,0.680,0.044,9
678,0.773,0.141,9
679,0.890,0.144,9
680,0.809,0.088,9
681,0.836,0.252,9
682,0.763,0.153,9
683,0.778,0.176,9
684,0.747,0.089,9
685,0.909,0.203,9
686,0.826,0.187,9
687,0.890,0.227,9
688,0.819,0.155,9
689,0.816,0.109,9
690,0.824,0.155,9
691,0.750,0.109,9
692,0.838,0.084,9
693,0.862,0.229,9
694,0.831,0.216,9
695,0.865,0.245,9
696,0.812,0.189,9
697,0.777,0.167,9
698,0.718,0.184,9
699,0.808,0.195,9
700,0.811,0.186,9
701,0.803,0.171,9
702,0.803,0.213,9
703,0.746,0.037,9
704,0.776,0.155,9
705,0.777,0.089,9
706,0.802,0.112,9
707,0.628,0.000,9
708,0.835,0.145,9
709,0.823,0.199,9
710,0.766,0.155,9
711,0.759,0.069,9
712,0.760,0.184,9
713,0.885,0.179,9
714,0.726,0.112,9
715,0.758,0.147,9
716,0.813,0.165,9
717,0.779,0.169,9
718,0.859,0.191,9
719,0.808,0.057,9
720,0.722,0.044,9
721,0.861,0.323,10
722,0.901,0.266,10
723,0.891,0.167,10
724,0.910,0.274,10
725,0.902,0.362,10
726,0.919,0.367,10
727,0.903,0.432,10
728,0.916,0.393,10
729,0.943,0.508,10
730,0.932,0.294,10
731,0.896,0.302,10
732,0.876,0.267,10
733,0.884,0.256,10
734,0.894,0.286,10
735,0.881,0.180,10
736,0.786,0.276,10
737,0.958,0.359,10
738,0.952,0.314,10
739,0.905,0.306,10
740,0.954,0.387,10
741,0.934,0.417,10
742,0.927,0.319,10
743,0.832,0.175,10
744,0.937,0.266,10
745,0.840,0.196,10
746,0.910,0.293,10
747,0.875,0.266,10
748,0.921,0.230,10
749,0.814,0.275,10
750,0.886,0.236,10
751,0.932,0.303,10
752,0.873,0.186,10
753,0.892,0.231,10
754,0.943,0.355,10
755,0.871,0.338,10
756,0.969,0.364,10
757,0.976,0.348,10
758,0.893,0.198,10
759,0.938,0.225,10
760,0.915,0.164,10
761,0.884,0.232,10
762,0.949,0.299,10
763,0.904,0.322,10
764,0.947,0.321,10
765,0.900,0.335,10
766,0.888,0.369,10
767,0.896,0.309,10
768,0.864,0.227,10
769,0.874,0.144,10
770,0.890,0.228,10
